0.0631206 79.1007 0 79.1007
0.0643831 79.8879 0.760723 67.5127
0.0656707 80.6829 1.05344 63.6611
0.0669841 81.4858 1.30035 60.6116
0.0683238 82.2967 1.50023 58.3786
0.0696903 83.1157 1.65226 56.9714
0.0710841 83.9429 1.86244 54.6522
0.0725058 84.7782 2.02396 53.1691
0.0739559 85.6219 2.18975 51.6542
0.075435 86.4739 2.30641 50.9818
0.0769437 87.3345 2.48033 49.4097
0.0784826 88.2037 2.60466 48.6862
0.0800522 89.0814 2.78612 47.0653
0.0816533 89.968 2.91788 46.2956
0.0832863 90.8633 3.05315 45.5058
0.0849521 91.7676 3.19191 44.6969
0.0866511 92.6809 3.33414 43.8695
0.0883841 93.6032 3.47981 43.0246
0.0901518 94.5348 3.62888 42.163
0.0919549 95.4756 3.78131 41.2859
0.0937939 96.4257 3.93707 40.3942
0.0956698 97.3854 4.09611 39.489
0.0975832 98.3545 4.20513 39.4435
0.0995349 99.3333 4.37099 38.5102
0.101526 100.322 4.54004 37.5664
0.103556 101.32 4.65907 37.4838
0.105627 102.329 4.83493 36.5155
0.10774 103.347 5.01385 35.5397
0.109895 104.376 5.14323 35.4219
0.112092 105.414 5.3289 34.426
0.114334 106.464 5.46511 34.2888
0.116621 107.523 5.60446 34.1458
0.118953 108.593 5.80074 33.1197
0.121332 109.674 5.9472 32.9579
0.123759 110.766 6.15023 31.9184
0.126234 111.868 6.30397 31.7391
0.128759 112.981 6.46112 31.5541
0.131334 114.106 6.62176 31.3639
0.133961 115.242 6.83959 30.2919
0.13664 116.388 7.00789 30.0853
0.139373 117.547 7.17985 29.8738
0.14216 118.717 7.35555 29.6571
0.145004 119.898 7.58849 28.561
0.147904 121.092 7.77223 28.3301
0.150862 122.297 7.95988 28.0943
0.153879 123.514 8.15152 27.8537
0.156956 124.743 8.34721 27.6087
0.160096 125.985 8.54703 27.3591
0.163298 127.239 8.75104 27.1051
0.166563 128.506 9.01273 25.973
0.169895 129.785 9.22556 25.7081
0.173293 131.076 9.44279 25.4392
0.176759 132.381 9.66448 25.1665
0.180294 133.699 9.89073 24.8901
0.1839 135.029 10.1216 24.6099
0.187578 136.373 10.3572 24.3263
0.191329 137.731 10.5976 24.0395
0.195156 139.102 10.8428 23.7492
0.199059 140.486 11.093 23.4557
0.20304 141.885 11.3482 23.1595
0.207101 143.297 11.6086 22.86
0.211243 144.723 11.8742 22.5578
0.215468 146.164 12.1451 22.2533
0.219777 147.619 12.4214 21.9459
0.224173 149.088 12.7031 21.6365
0.228656 150.572 12.9905 21.3246
0.233229 152.071 13.2836 21.0109
0.237894 153.585 13.5824 20.695
0.242652 155.114 13.8871 20.3776
0.247505 156.658 14.1448 20.9281
0.252455 158.218 14.4619 20.6046
0.257504 159.793 14.7853 20.2795
0.262654 161.383 15.1149 19.9526
0.267907 162.99 15.4511 19.6248
0.273265 164.612 15.7937 19.2959
0.27873 166.251 16.1431 18.9657
0.284305 167.906 16.4993 18.6351
0.289991 169.578 16.8624 18.3038
0.295791 171.266 17.1796 18.8412
0.301707 172.971 17.5575 18.5035
0.307741 174.693 17.9426 18.1658
0.313896 176.432 18.3353 17.8278
0.320174 178.189 18.7356 17.4898
0.326577 179.963 19.1436 17.152
0.333109 181.754 19.5594 16.8144
0.339771 183.564 19.9307 17.3435
0.346566 185.392 20.3634 16.9999
0.353497 187.238 20.8045 16.6568
0.360567 189.102 21.2542 16.3143
0.367779 190.985 21.7125 15.9728
0.375134 192.886 22.1265 16.5038
0.382637 194.807 22.6034 16.1562
0.39029 196.746 23.0895 15.8096
0.398096 198.705 23.585 15.4644
0.406057 200.684 24.09 15.1206
0.414179 202.682 24.6048 14.7784
0.422462 204.7 25.0769 15.3022
0.430911 206.739 25.6126 14.9545
0.43953 208.798 26.1586 14.6081
0.44832 210.877 26.7151 14.2638
0.457287 212.976 27.2824 13.9216
0.466432 215.097 27.8082 14.4439
0.475761 217.24 28.3986 14.0963
0.485276 219.403 29.0003 13.7504
0.494982 221.588 29.6135 13.4073
0.504881 223.795 30.1857 13.9362
0.514979 226.023 30.824 13.5868
0.525279 228.274 31.4746 13.2402
0.535784 230.548 32.1377 12.8974
0.5465 232.844 32.8137 12.557
0.55743 235.163 33.4504 13.0814
0.568579 237.506 34.1539 12.7354
0.57995 239.871 34.871 12.3921
0.591549 242.261 35.602 12.0533
0.60338 244.673 36.2945 12.5825
0.615448 247.111 37.0553 12.2371
0.627757 249.572 37.8309 11.8947
0.640312 252.058 38.6214 11.5572
0.653118 254.569 39.3744 12.0911
0.66618 257.105 40.1973 11.7468
0.679504 259.666 41.0362 11.4058
0.693094 262.253 41.8913 11.0702
0.706956 264.865 42.7099 11.6084
0.721095 267.505 43.6 11.2658
0.735517 270.169 44.5075 10.9268
0.750227 272.861 45.4325 10.5936
0.765232 275.58 46.3224 11.137
0.780536 278.325 47.2854 10.7955
0.796147 281.099 48.2671 10.46
0.81207 283.9 49.268 10.1297
0.828312 286.728 50.2884 9.80347
0.844878 289.586 51.277 10.3382
0.861775 292.472 52.3393 10.0057
0.879011 295.386 53.4224 9.67744
0.896591 298.33 54.5266 9.35599
0.914523 301.303 55.6008 9.89391
0.932813 304.306 56.7505 9.56476
0.95147 307.338 57.9226 9.24011
0.970499 310.402 59.1177 8.92267
0.989909 313.496 60.2848 9.46369
1.00971 316.621 61.5291 9.13821
1.0299 319.778 62.7979 8.81885
1.0505 322.964 64.0383 9.37626
1.07151 326.184 65.3593 9.04835
1.09294 329.436 66.7063 8.7268
1.1148 332.72 68.0799 8.41169
1.13709 336.038 69.4273 8.9743
1.15984 339.388 70.8575 8.65023
1.18303 342.772 72.3159 8.33282
1.20669 346.189 73.8031 8.02049
1.23083 349.641 75.2665 8.58697
1.25544 353.128 76.8152 8.26688
1.28055 356.649 78.3944 7.95375
1.30616 360.206 80.0049 7.64765
1.33229 363.799 81.5943 8.21819
1.35893 367.427 83.2714 7.9022
1.38611 371.092 84.9818 7.59345
1.41383 374.794 86.7261 7.29199
1.44211 378.533 88.4521 7.8669
1.47095 382.309 90.2686 7.55503
1.50037 386.123 92.1213 7.25068
1.53038 389.975 94.0108 6.95387
1.56099 393.866 95.885 7.53355
1.59221 397.796 97.8529 7.22576
1.62405 401.765 99.86 6.92575
1.65653 405.774 101.907 6.63354
1.68966 409.824 103.942 7.2185
1.72346 413.916 106.074 6.91707
1.75792 418.047 108.249 6.62136
1.79308 422.22 110.467 6.33369
1.82894 426.434 112.677 6.92469
1.86552 430.691 114.987 6.62474
1.90283 434.99 117.344 6.33308
1.94089 439.333 119.748 6.04967
1.97971 443.719 122.2 5.77449
2.0193 448.15 124.651 6.35105
2.05969 452.628 127.205 6.06606
2.10088 457.148 129.811 5.78676
2.1429 461.713 132.469 5.5159
2.18576 466.324 135.13 6.09939
2.22947 470.982 137.899 5.81504
2.27406 475.69 140.724 5.54256
2.31954 480.442 143.606 5.2757
2.36594 485.242 146.494 5.86732
2.41325 490.09 149.496 5.58612
2.46152 494.987 152.559 5.31383
2.51075 499.937 155.684 5.05396
2.56096 504.934 158.82 5.65514
2.61218 509.98 162.075 5.37661
2.66443 515.078 165.397 5.10722
2.71772 520.231 168.785 4.85076
2.77207 525.432 172.19 5.46322
2.82751 530.685 175.721 5.18678
2.88406 535.996 179.323 4.92373
2.94174 541.356 182.999 4.66619
3.00058 546.77 186.749 4.4178
3.06059 552.239 190.525 5.01694
3.1218 557.768 194.433 4.75603
3.18424 563.349 198.42 4.5004
3.24792 568.985 202.488 4.25409
3.31288 574.684 206.588 4.87232
3.37914 580.435 210.828 4.6081
3.44672 586.245 215.154 4.35357
3.51566 592.118 219.568 4.11375
3.58597 598.047 224.02 4.74462
3.65769 604.04 228.621 4.48545
3.73084 610.089 233.315 4.2316
3.80546 616.2 238.106 3.98753
3.88157 622.377 242.995 3.75862
3.9592 628.613 247.933 4.37949
4.03838 634.911 253.028 4.12482
4.11915 641.28 258.228 3.88633
4.20153 647.707 263.535 3.65211
4.28556 654.206 268.898 4.30152
4.37128 660.765 274.429 4.04546
4.4587 667.397 280.074 3.80594
4.54787 674.09 285.835 3.57098
4.63883 680.852 291.716 3.34587
4.73161 687.689 297.666 3.9894
4.82624 694.59 303.795 3.7413
4.92277 701.567 310.051 3.51079
5.02122 708.61 316.437 3.28405
5.12165 715.731 322.954 3.07457
5.22408 722.918 329.557 3.70675
5.32856 730.186 336.351 3.47316
5.43513 737.521 343.287 3.24344
5.54383 744.939 350.366 3.03171
5.65471 752.426 357.593 2.8231
5.7678 759.997 364.92 3.46029
5.88316 767.638 372.455 3.22597
6.00082 775.365 380.146 3.01061
6.12084 783.165 387.997 2.79826
6.24326 791.052 395.959 3.47516
6.36812 799.013 404.146 3.23431
6.49548 807.064 412.504 3.0137
6.62539 815.19 421.036 2.79581
6.7579 823.409 429.747 2.598
6.89306 831.703 438.587 3.2721
7.03092 840.093 447.671 3.04426
7.17154 848.56 456.946 2.81866
7.31497 857.125 466.415 2.61492
7.46127 865.768 476.082 2.41202
7.6105 874.512 485.953 2.23103
7.76271 883.346 495.983 2.88173
7.91796 892.262 506.279 2.65903
8.07632 901.281 516.791 2.45883
8.23785 910.384 527.526 2.25939
8.4026 919.593 538.486 2.08262
8.57065 928.886 549.629 2.73533
8.74207 938.289 561.063 2.52528
8.91691 947.789 572.739 2.32722
9.09525 957.378 584.662 2.12958
9.27715 967.079 596.838 1.95582
9.46269 976.87 609.222 2.62781
9.65195 986.776 621.926 2.41773
9.84499 996.787 634.899 2.22017
10.0419 1006.89 648.149 2.02232
10.2427 1017.11 661.681 1.85018
10.4476 1027.43 675.502 1.67496
10.6565 1037.87 689.57 2.33734
10.8697 1048.42 703.993 2.13831
11.0871 1059.07 718.724 1.93775
11.3088 1069.85 733.771 1.76562
11.535 1080.74 749.14 1.60508
11.7657 1091.73 764.788 2.28596
12.001 1102.86 780.83 2.08306
12.241 1114.1 797.217 1.89368
12.4858 1125.45 813.957 1.70248
12.7355 1136.94 831.057 1.54067
12.9903 1148.53 848.526 1.37273
13.2501 1160.27 866.324 2.05692
13.5151 1172.13 884.563 1.8617
13.7854 1184.1 903.196 1.66165
14.0611 1196.22 922.233 1.49647
14.3423 1208.47 941.683 1.34379
14.6291 1220.83 961.556 1.18296
14.9217 1233.35 981.814 1.85935
15.2202 1246.01 1002.57 1.66998
15.5246 1258.8 1023.77 1.49518
15.835 1271.71 1045.44 1.31584
16.1517 1284.79 1067.59 1.17107
16.4748 1298.01 1090.22 1.03851
16.8043 1311.35 1113.29 1.69002
17.1404 1324.86 1136.93 1.50446
17.4832 1338.52 1161.09 1.3343
17.8328 1352.31 1185.78 1.15617
18.1895 1366.28 1211.02 1.01821
18.5533 1380.4 1236.81 0.892877
18.9243 1394.65 1263.12 1.54522
19.3028 1409.09 1290.08 1.36121
19.6889 1423.69 1317.63 1.19371
20.0827 1438.45 1345.79 1.04183
20.4843 1453.36 1374.58 0.879819
20.894 1468.46 1404.01 0.761052
21.3119 1483.73 1434.05 1.45574
21.7381 1499.14 1464.82 1.23478
22.1729 1514.76 1496.28 1.06795
22.6163 1530.56 1528.44 0.918092
23.0687 1546.54 1561.32 0.784204
23.53 1562.67 1594.95 0.635739
24.0006 1579.03 1629.28 1.36024
24.4807 1595.57 1664.45 1.16185
24.9703 1612.3 1700.41 0.985029
25.4697 1629.19 1737.19 0.798898
25.9791 1646.32 1774.8 0.667589
26.4987 1663.64 1813.27 0.552617
27.0286 1681.17 1852.57 1.31416
27.5692 1698.87 1892.82 1.06519
28.1206 1716.82 1934 0.880055
28.683 1734.98 1976.12 0.718682
29.2567 1753.31 2019.21 0.53963
29.8418 1771.92 2063.29 0.430778
30.4386 1790.74 2108.39 0.338382
31.0474 1809.79 2154.49 1.00664
31.6683 1829.03 2201.71 0.754466
32.3017 1848.55 2250.04 0.587291
32.9477 1868.31 2299.48 0.44689
33.6067 1888.3 2350.08 0.331047
34.2788 1908.51 2401.87 0.197467
34.9644 1929.01 2454.83 0.876189
35.6637 1949.77 2509.09 0.634668
36.377 1970.79 2564.64 0.438725
37.1045 1992.03 2621.49 0.251999
37.8466 2013.59 2679.7 0.15245
38.6035 2035.42 2739.29 0.0801523
39.3756 2057.5 2800.28 0.561873
40.1631 2079.91 2862.78 0.268988
40.9664 2102.56 2926.78 0
41.7857 2125.68 2992.32 0
42.6214 2149.03 3059.45 0
43.4738 2172.63 3128.21 0.298839
44.3433 2197.12 3198.71 0
45.2302 2222.02 3270.9 0
46.1348 2247.05 3344.83 0
47.0575 2272.22 3420.59 0
47.9986 2297.53 3498.24 0
48.9586 2323 3577.88 0
49.9378 2348.8 3659.7 0
50.9365 2377.96 3743.75 0
51.9553 2407.18 3829.71 0
52.9944 2436.45 3917.65 0
54.0543 2465.75 4007.64 0
55.1353 2495.09 4099.79 0
56.2381 2524.45 4194.17 0
57.3628 2553.82 4290.91 0
58.5101 2583.21 4390.12 0
59.6803 2612.6 4491.95 0
60.8739 2641.98 4596.59 0
62.0914 2671.36 4704.29 0
63.3332 2700.73 4815.55 0
64.5998 2737.26 4931.3 0
65.8918 2776.15 5049.75 0
67.2097 2815.23 5170.76 0
68.5539 2854.48 5294.39 0
69.925 2893.88 5420.72 0
71.3235 2933.41 5549.82 0
72.7499 2973.05 5681.77 0
74.2049 3012.77 5816.68 0
75.689 3052.56 5954.65 0
77.2028 3092.39 6095.78 0
78.7469 3132.24 6240.21 0
80.3218 3172.07 6388.07 0
81.9282 3211.87 6539.54 0
83.5668 3251.6 6694.78 0
85.2381 3291.23 6854.01 0
86.9429 3330.73 7017.47 0
88.6817 3370.06 7185.47 0
90.4554 3409.19 7358.33 0
92.2645 3448.09 7536.52 0
94.1098 3486.71 7720.58 0
95.992 3525.02 7911.34 0
97.9118 3562.97 8110.17 0
99.8701 3609.07 8321.15 0
101.867 3670.42 8540.86 0
103.905 3732.56 8765.83 0
105.983 3795.48 8996.15 0
108.103 3859.19 9231.94 0
110.265 3923.69 9473.3 0
112.47 3988.96 9720.35 0
114.719 4055 9973.18 0
117.014 4121.81 10231.9 0
119.354 4189.38 10496.7 0
121.741 4257.69 10767.6 0
124.176 4326.75 11044.9 0
126.659 4396.54 11328.5 0
129.193 4467.05 11618.6 0
131.776 4538.27 11915.4 0
134.412 4610.18 12219 0
137.1 4682.76 12529.6 0
139.842 4756 12847.2 0
142.639 4829.89 13172.1 0
145.492 4904.39 13504.4 0
148.402 4979.49 13844.4 0
151.37 5055.17 14192 0
154.397 5131.39 14547.6 0
157.485 5208.13 14911.4 0
160.635 5285.36 15283.5 0
163.847 5363.04 15664.3 0
167.124 5441.15 16053.8 0
170.467 5519.64 16452.5 0
173.876 5598.48 16860.5 0
177.354 5677.62 17278.1 0
180.901 5757.01 17705.8 0
184.519 5836.62 18143.9 0
188.209 5916.37 18592.7 0
191.973 5996.24 19052.7 0
195.813 6076.14 19524.5 0
199.729 6156.02 20008.5 0
203.724 6235.82 20505.3 0
207.798 6315.47 21015.7 0
211.954 6394.89 21540.4 0
216.193 6474 22080.3 0
220.517 6552.72 22636.6 0
224.927 6630.97 23210.3 0
229.426 6708.65 23802.9 0
234.014 6785.66 24416.1 0
238.695 6861.91 25052.1 0
243.469 6937.27 25713.6 0
248.338 7011.65 26404 0
253.305 7084.91 27129 0
258.371 7156.93 27898.9 0
263.538 7283.13 28735.5 0
268.809 7428.8 29601.9 0
274.185 7577.37 30494.4 0
279.669 7728.92 31413.7 0
285.262 7883.5 32360.9 0
290.968 8041.17 33336.5 0
296.787 8201.99 34341.6 0
302.723 8366.03 35377 0
308.777 8533.35 36443.6 0
314.953 8704.02 37542.3 0
321.252 8878.1 38674.2 0
327.677 9055.66 39840.2 0
334.23 9236.78 41041.4 0
340.915 9421.51 42278.8 0
347.733 9609.94 43553.4 0
354.688 9802.14 44866.6 0
361.782 9998.18 46219.3 0
369.017 10198.1 47612.8 0
376.398 10402.1 49048.3 0
383.926 10610.2 50527 0
391.604 10822.4 52050.4 0
399.436 11038.8 53619.7 0
407.425 11259.6 55236.3 0
415.573 11484.8 56901.6 0
423.885 11714.5 58617.2 0
432.362 11948.8 60384.5 0
441.01 12187.7 62205 0
449.83 12431.5 64080.5 0
458.827 12680.1 66012.5 0
468.003 12933.7 68002.7 0
477.363 13192.4 70053 0
486.91 13456.2 72165 0
496.649 13725.4 74340.8 0
506.582 13999.9 76582.1 0
516.713 14279.9 78891 0
527.047 14565.5 81269.6 0
537.588 14856.8 83719.8 0
548.34 15153.9 86243.9 0
559.307 15457 88844.1 0
570.493 15766.1 91522.7 0
581.903 16081.4 94282.1 0
593.541 16403.1 97124.7 0
605.412 16731.1 100053 0
617.52 17065.8 103069 0
629.87 17407.1 106177 0
