  0.0209400379 0
  0.0219317545 0
  0.0229704401 0
  0.0240583197 0
  0.0251977235 0
  0.0263910923 0
  0.0276409824 0
  0.0289500717 0
  0.0303211648 0
  0.0317571994 0
  0.0332612526 0
  0.0348365475 0
  0.0364864603 0
  0.0382145275 0
  0.0400244535 0
  0.041920119 0
  0.0439055891 0
  0.0459851224 0
  0.0481631804 0
  0.050444437 0
  0.0528337893 0
  0.0553363682 0
  0.05795755 0
  0.0607029683 0
  0.0635785271 0
  0.0665904141 0
  0.0697451146 0
  0.0730494276 0
  0.0765104806 0
  0.0801357478 0
  0.0839330673 0
  0.0879106611 0
  0.0920771554 0
  0.0964416031 0
  0.101013507 0
  0.105802848 0
  0.110820107 0
  0.116076304 0
  0.121583023 0
  0.127352452 0
  0.133397423 0
  0.139731454 3
  0.1463688 0
  0.153324504 0
  0.160614462 0
  0.168255487 3
  0.176265389 0
  0.184663064 0
  0.193468593 0
  0.202703356 3
  0.212390168 0
  0.222553432 0
  0.233219315 0
  0.24441596 3
  0.256093227 0
  0.267668583 0
  0.279038089 0
  0.290221472 0
  0.301236044 0
  0.312097121 0
  0.322818354 0
  0.333411995 1
  0.343889106 0
  0.35425973 3
  0.364533034 0
  0.374717422 1
  0.384820635 0
  0.394849831 0
  0.404811655 3
  0.414712296 0
  0.424557539 1
  0.434352807 0
  0.4441032 0
  0.453813525 3
  0.463488329 0
  0.473131917 1
  0.482748382 0
  0.492341619 3
  0.501915343 1
  0.511473107 3
  0.521018313 3
  0.530554225 3
  0.540083981 3
  0.549610602 3
  0.559137002 1
  0.568665994 3
  0.578200301 3
  0.587742558 3
  0.597295322 1
  0.606861079 3
  0.616442241 3
  0.626041162 3
  0.635660133 1
  0.645301391 3
  0.654967121 3
  0.66465946 3
  0.674380499 1
  0.684132288 3
  0.693916838 3
  0.703736121 3
  0.713592077 1
  0.723486613 0
  0.733421604 3
  0.7433989 3
  0.753420321 1
  0.763487665 3
  0.773602705 3
  0.783767195 3
  0.793982866 1
  0.804251431 3
  0.814574585 3
  0.82495401 3
  0.835391368 1
  0.845888309 3
  0.85644647 3
  0.867067476 3
  0.87775294 1
  0.888504466 3
  0.899323647 3
  0.910212068 3
  0.921171306 1
  0.932202931 3
  0.943308506 3
  0.954489589 3
  0.965747733 1
  0.977084486 3
  0.988501391 3
  1. 1
