  0.0209400379 3
  0.0219317545 3
  0.0229704401 3
  0.0240583197 3
  0.0251977235 3
  0.0263910923 3
  0.0276409824 3
  0.0289500717 3
  0.0303211648 3
  0.0317571994 3
  0.0332612526 3
  0.0348365475 3
  0.0364864603 3
  0.0382145275 3
  0.0400244535 3
  0.041920119 3
  0.0439055891 3
  0.0459851224 3
  0.0481631804 3
  0.050444437 3
  0.0528337893 3
  0.0553363682 3
  0.05795755 3
  0.0607029683 3
  0.0635785271 3
  0.0665904141 3
  0.0697451146 3
  0.0730494276 3
  0.0765104806 3
  0.0801357478 3
  0.0839330673 3
  0.0879106611 3
  0.0920771554 3
  0.0964416031 3
  0.101013507 3
  0.105802848 3
  0.110820107 3
  0.116076304 3
  0.121583023 3
  0.127352452 3
  0.133397423 3
  0.139731454 3
  0.1463688 3
  0.153324504 3
  0.160614462 3
  0.168255487 3
  0.176265389 3
  0.184663064 3
  0.193468593 3
  0.202703356 1
  0.212390168 3
  0.222553432 3
  0.233219315 3
  0.24441596 1
  0.256093227 3
  0.267668583 3
  0.279038089 3
  0.290221472 3
  0.301236044 3
  0.312097121 3
  0.322818354 3
  0.333411995 1
  0.343889106 3
  0.35425973 3
  0.364533034 3
  0.374717422 3
  0.384820635 3
  0.394849831 1
  0.404811655 3
  0.414712296 1
  0.424557539 3
  0.434352807 1
  0.4441032 3
  0.453813525 1
  0.463488329 3
  0.473131917 1
  0.482748382 3
  0.492341619 1
  0.501915343 1
  0.511473107 1
  0.521018313 3
  0.530554225 1
  0.540083981 3
  0.549610602 1
  0.559137002 3
  0.568665994 1
  0.578200301 3
  0.587742558 1
  0.597295322 3
  0.606861079 1
  0.616442241 3
  0.626041162 1
  0.635660133 3
  0.645301391 1
  0.654967121 3
  0.66465946 1
  0.674380499 3
  0.684132288 1
  0.693916838 3
  0.703736121 1
  0.713592077 3
  0.723486613 1
  0.733421604 3
  0.7433989 1
  0.753420321 3
  0.763487665 1
  0.773602705 3
  0.783767195 1
  0.793982866 3
  0.804251431 1
  0.814574585 3
  0.82495401 1
  0.835391368 3
  0.845888309 1
  0.85644647 3
  0.867067476 1
  0.87775294 3
  0.888504466 1
  0.899323647 3
  0.910212068 1
  0.921171306 3
  0.932202931 1
  0.943308506 3
  0.954489589 1
  0.965747733 3
  0.977084486 1
  0.988501391 3
  1. 1
